  -7.4913343143123215e-02  -1.1147252186291365e+00   4.2708322110443647e-01   1.3767924908454229e-01   1.1468966361930304e+00   5.0376318639748818e-01  -1.4240364850932896e-01   2.3427672142308626e+00  -8.7333213505800289e-01   4.0641276174315788e-02   1.5818934853706852e+00  -9.3156203833298623e-01  -6.9585786827879831e-02   4.3585231047639583e+00   8.5737915799841968e-01   3.2295571525904077e-01  -6.3997396137895981e+00  -2.8072933252890370e-01
   2.4339051020869062e-01  -8.9732660122855268e-01  -3.5072787222978613e-01   5.9441666464006421e-02  -1.1389856656008388e+00  -4.2761760188808440e-01  -3.0585142639816210e-01   8.6906402630606161e-01   1.4481804891913430e-01   1.9188388987860444e-01  -9.4834303615193760e-01  -5.2520853316308014e-01  -1.5197779006465253e-01  -1.1636072080782257e-01   1.1130923572457044e-02   6.3689027060272252e-01  -3.8232213794099796e+00  -1.3548514301699184e+00
   1.9797412829989094e-01  -1.0406570042125820e+00  -7.0849822483861424e-01  -1.8731851847299624e-01  -1.4114754815530437e+00  -1.3910403518683295e-01   2.6737132783712214e-01  -6.9083037931271570e-05  -2.9938256196332413e-01  -3.5281071690587591e-02  -2.8540509805121848e-03  -7.5958371260762025e-01   2.9998228064544691e-01   9.8238037906237932e-02  -2.3393573136226012e-01   1.9088297854269584e-01  -3.0953646654581179e+00  -1.3705499504062550e+00
   6.0563227681001515e-03  -1.4764879941509141e+00   3.1769263645532564e-01   1.0883147099410810e-01  -6.4770300895662147e-01   6.5679942325259999e-01  -8.0397313694894779e-02   4.1420744157248857e-01   2.6994185323879449e-01  -2.8628041440679805e-02  -2.6138621667254971e-02  -6.7330517716725713e-01   8.6419840332247703e-03  -1.1434871622401519e+00  -4.4497258940483003e-01   2.0487699604032128e-01  -3.6505575325429929e+00  -1.1615527072080365e+00
  -1.0515481785538054e-01   3.6882607478440290e+00  -5.9712359481675115e-01   2.4731053228161850e-02   1.4465367854828319e+00  -4.0749968911427709e-02  -2.3924650022968178e-02  -7.4335090754237376e-01   4.1154252405152070e-01  -3.5099842801810900e-03  -7.1716695128835023e-02   1.0423060662848467e+00  -1.6295444204686579e-01  -2.3701838644240167e+00   1.0750084187490410e+00   3.0559837854513194e-01  -5.0449674879219684e+00  -3.1072603725860126e-01
  -7.9160225940819298e-02  -4.0662921905364047e-01  -3.1796923606712396e-01   2.1630257473983928e-02   4.2746248731921743e-01   6.9134967845809980e-01  -3.7703324673285438e-02   2.3553431402990507e-01  -4.1860915638540330e-01  -7.7970801334684606e-02   5.4736547768552624e-01  -1.3939128779092724e-01   2.2299384348235432e-02   3.0752424054652611e-01   2.2992624852357466e-01   2.5344338146239664e-01  -3.3783781836894828e+00  -1.0335739212034520e+00
   5.9029039137610904e-03  -4.0506256189984874e-01   3.1112266020771096e-02   1.5411419648758468e-01  -2.9078563648942152e-01   1.7418584190418915e-01  -2.6386607009859425e-01   1.2350578945490716e+00   1.9837582242966062e-01   4.6090894462775076e-02   1.5141754395631259e+00   3.9165642910277110e-01  -2.3058449838636930e-01  -1.7868099591084534e+00  -1.7652969970258039e-01   1.1176617940200770e-01  -3.7849073868544147e+00  -1.0388067319393435e+00
  -1.3880741021551121e-01   6.3255949153907653e-01   8.0697589284829008e-01   8.6124896043512991e-03   3.8573270274589694e-01  -9.9942193904338755e-02  -6.2125694232706127e-02  -6.2874172693072761e-01  -1.7164851327354011e-01  -6.9394807056913838e-02   1.4473974733656045e+00   1.1657426274466824e-01  -1.6323227501728665e-01  -1.8071600863959483e+00   1.8054231694494546e-01   2.2495428853742197e-01  -3.8284632488773380e+00  -9.4716083737868972e-01
  -4.8565761909057960e-02  -1.0437588200384522e+00  -8.3156905911862933e-01  -1.3409251956803353e-01   1.4085801908938269e+00  -1.0573485104907597e-01   3.3865150845359411e-02  -2.3531610800296643e-01   1.9827686533572936e-01  -9.9498373740021101e-02   9.9390093594859272e-02   2.7065865982957904e-01  -1.5659197604193120e-01  -8.5398002124675054e-01  -9.9263313451949151e-02   2.5937497920689689e-01  -3.5319198183769793e+00  -1.0470893256370359e+00
   7.4998219500678989e-02   1.3605966987583371e+00   2.0414819843914708e-01  -1.7809207804084466e-02  -1.9131873981209827e-01  -2.3686975822634990e-01   5.9923663383956127e-05   1.9462061571082859e-01  -7.0046295857871685e-02  -2.7368672751972317e-01  -2.0809167232278547e-01  -1.9574702094057694e-01  -1.2045781306809425e-01   1.6422136836574928e+00   7.4824504447486684e-01   6.4081542610005773e-02  -3.7567448757477075e+00  -1.1087072665541027e+00
   6.8693317970747472e-02   1.2162076975311977e+00  -3.7988511329550956e-01   1.9660532568076100e-01   2.7109475638607705e+00   9.6514238992379509e-01   1.2392952217642896e-01  -1.3086664730625392e+00   5.2127317133723905e-01  -1.3403699138066405e-01  -1.5953510196395779e-02   4.7670033075934409e-01  -1.6715131872872799e-01  -2.5704576457768558e+00   7.2897966637513767e-01   1.5372524194183407e-01  -4.9424420740972286e+00  -5.5288298952955706e-01
   4.4788065016034100e-02  -4.5433447234501967e-01   2.0996472867274471e-01   1.2855874560866580e-02  -5.6192844086292926e-01   5.2949288484577461e-01  -2.5334858448487423e-02   1.5188229044991566e-01   4.1438200809164227e-01  -8.0341594610977476e-05  -6.1160299429915277e-01  -5.6222960237448516e-01   5.3740014347202048e-02  -7.5210881579529287e-01  -4.9348199254406899e-01   1.2163814433384561e-01  -3.6789476934273004e+00  -1.0293567236360699e+00
  -9.4161575316844798e-02   6.0659346487420518e-01   9.0463361220447236e-03   6.7933974823541590e-02  -2.3362130808394186e+00  -8.5602836668274995e-01   7.9388777218929285e-02  -6.4807442713826346e-01   2.8168739845461133e-01  -1.3412731164522670e-01  -8.0462010309692411e-01  -3.1264876767030958e-01  -8.9733369486685532e-02   1.3740104833917499e+00  -5.6721620828201189e-02   2.2551000235239277e-01  -3.9420336097782824e+00  -1.0182407984246853e+00
  -6.9122628608216885e-02  -5.2912070797432786e-01  -9.5447642406633740e-02  -7.7934450302703673e-03  -1.3026546879720056e+00  -3.7902286032004007e-01   3.5807941860660254e-02  -3.6242361413249252e-01  -2.3365327395376154e-01  -1.3604892756872199e-02   2.9790613724554127e-01   5.5137678274482438e-01  -1.0533971210174317e-02  -7.7222325434881711e-01   1.0845665271141811e-01   1.7932988031230132e-01  -3.7409078726590685e+00  -8.7826617031182097e-01
   7.6131401630509833e-03   7.5422597900622201e-01   6.2717750097892278e-01  -4.2213410062998960e-02   5.7155920426348550e-01  -1.2877530878027718e-02   3.3438458161277204e-02   8.4680243881085848e-01  -1.1113628815255678e+00  -2.1473459751223223e-01   1.4530580333495109e+00   1.7907672010649527e+00   6.2111031316074601e-02   2.3612227057909747e+00  -3.2107036470688616e-01   3.2630678565415899e-01  -3.4922364077829440e+00  -1.3662823454319231e+00
  -1.3797798238478072e-02   2.9475517588696279e-02   2.2100415138509216e-01  -5.8335310383295161e-02  -4.8744178904077756e-01  -5.2026370406135928e-03  -9.1328845615154405e-02   1.3676217029383417e+00   3.3955203674897044e-01  -2.2865230837595307e-01  -1.3520594585585548e+00   4.1855494143968536e-01  -5.6470510150206703e-02   3.1624065910687742e+00   4.6972757225130479e-01   1.9195657852185821e-01  -3.8017885482625986e+00  -9.9890922890545253e-01
  -1.1161985151814630e-01  -3.6023647181525165e-01   8.9765936859703771e-02   3.5824527074003160e-02   3.7002579613159609e-01  -1.3003097210562528e-01  -6.0008291685149089e-02   1.0441365366219963e+00   5.1129924265048743e-01  -1.0716183076404956e-01   6.7250051938636635e-01   4.4630659441643905e-02  -6.4577991527575929e-02  -8.0122774913190686e-01  -5.4932308378151340e-01   1.4216110147031610e-01  -3.1589550037714949e+00  -8.0478654100994595e-01
  -2.3904740857992768e-02   2.6918814096041416e-01  -5.1797647269473257e-01  -1.6641909521962095e-02  -1.2705033834253283e+00  -6.2269333858175868e-01  -3.1417833714907965e-02  -5.9966842537433263e-01   5.0819043136286712e-02  -4.1306641177654986e-02  -4.0068231313477987e-01  -3.9424762971592098e-01   6.7644591932988871e-02  -5.4941151049473835e-01  -4.4355591731933397e-01   2.1944502552640416e-01  -3.8072210883597712e+00  -1.1858122715512769e+00
   1.0120464248917552e-01   1.3598836889075483e+00   5.9950273779554149e-02  -2.1254598762928922e-01   9.1096613482578503e-01   3.5447948136093577e-01   8.7807175471932980e-02  -3.4272103628528510e+00   3.1494591912064474e-01   1.8328692538416083e-02  -8.4180464625726070e-01   2.1415997695392458e-01  -8.5396861451368707e-03  -7.0387868198264358e-01   6.2749681452999473e-01   3.7141124477736587e-01  -2.8846258018858046e+00  -8.7440589120545542e-01
  -5.0925233445741548e-02   7.9092073077340397e-01   1.6180540524301484e-01   3.2499649286238674e-01   1.5243677071670931e+00   1.6644608838779104e-01   9.4815742121410654e-02   1.4341169145352133e+00  -1.9188107170410007e-01   3.2124441948001492e-01  -1.1859734022059687e+00  -5.1534090951035127e-01  -1.8006852778646606e-01   1.1800976161547174e+00   2.3689318143060850e-01   3.1343420238192293e-01  -4.6885949967866658e+00  -9.9647205226433810e-01
  -6.0979491312157366e-02  -9.6369044706187501e-01  -2.4171200062389858e-01  -2.1198702388373480e-01   1.0717598368423329e+00   6.7555510890607673e-01  -7.4331967231571802e-02   1.6286562127900313e+00  -1.6681659134622062e-01   4.1595145399895415e-02   9.6154487520440779e-01   2.2072246979567850e-01   7.3137090694291612e-02  -1.5055821416209597e-01   3.4247900176821100e-01   2.6899187209767772e-01  -3.9647241763514511e+00  -1.2842461474444822e+00
   4.2925462890991306e-02   7.4366584737745189e-01  -1.3646810040699367e-01  -8.7287852863012508e-02  -1.5662824797496409e+00  -1.0225307261543286e+00  -6.4311324156512514e-02  -2.7213438697398834e-01  -1.1941071514596484e-02  -1.0766936365554375e-01  -2.4691734396968268e-01   2.7101238734193861e-01   6.2332022757101438e-02  -9.3453400956674004e-01  -3.7371286703107874e-02   2.6408452326126980e-01  -3.8631134829754101e+00  -9.3756707692839003e-01
  -8.3248781193233284e-02  -4.5078803785526050e-01  -8.3082809287025439e-02  -1.5495613414282286e-01  -9.0371750831858488e-01  -3.1624963439034232e-01   2.0807485522057814e-02  -9.2548466383234906e-01   6.8367502201781893e-02  -5.3957849129590035e-02   1.9178032088556332e+00   2.2798056991909871e-01   5.3430716264096026e-02  -5.7681182596978720e-01  -4.4224551070733881e-01   3.2470186040300758e-01  -3.6450971301213340e+00  -7.6964087778934365e-01
   1.7983161733400064e-02   2.3503587819316012e+00  -1.0232001258676190e-01   2.5445177959866120e-02  -3.0383508097164023e-02   1.0780996872357346e-01   1.6949682713125749e-01  -3.8936548210104838e-01  -3.1744169090623148e-01  -3.6175528030053417e-02  -2.3587070002682307e+00   3.0307260950997805e-01  -4.1700202015898934e-02   1.3853333937812575e+00   4.1183948597237002e-01   3.1979076081643787e-01  -4.0018658928969773e+00  -8.0764452000502740e-01
   1.1628074255454293e-01  -4.1126964377534292e-01   2.4472551856342706e-01   6.2513967941421875e-02  -1.7081610171863399e-02   5.5922961517054526e-01  -4.4199994334222614e-02  -5.8545466808374837e-02   7.4309051584264607e-01  -1.0094244555545964e-01   1.5832589329911488e+00   5.5899646294649075e-01  -5.2048107544476550e-02   7.2608233987232429e-01  -2.3921303682138192e-01   3.3882318294236441e-01  -3.9312774087716678e+00  -6.5339433203473929e-01
   2.1129918680914375e-01   1.9890547961338643e+00   5.0082077545556603e-01  -8.6952535645580295e-02   4.0986750195905475e-02   3.5376228351687800e-01   2.1213879397039950e-01  -1.0828967594371410e+00   2.1961772444959909e-01   3.1997064259467106e-02   1.3465596622784520e-01   9.4240925026058842e-01   4.4233896748514474e-02  -4.2306251140528774e-03  -6.3095863467452246e-02   3.1106414621058320e-01  -3.8365494425838742e+00  -1.3488241272703354e+00
  -2.6837576669277344e-02  -2.1706574417888186e-01  -3.9733811822676501e-01   7.7808796386442142e-02  -1.0255002019019361e+00   2.0765660739306424e-01  -3.8215395398406721e-01  -1.2965324799941558e+00   1.4410870950347124e-01  -1.8834931057428495e-02  -7.4069502431826717e-01   5.3810993589145450e-01   1.6244701950027188e-01  -3.0808607808281914e+00  -6.5836580950264390e-01   3.8879160615301063e-02  -4.2107450881869815e+00  -1.0776604869287327e+00
  -6.3099420223994063e-02   6.1521850161879277e-01   5.2155745958929856e-01  -3.1061855584236975e-01  -2.8068450275516149e-01   8.1569960669930386e-01   1.9779527749084827e-01   1.3365193805908195e+00   7.4175157922397128e-01  -1.0761568284577931e-01   3.8112365955319244e-01  -3.0767140245607338e-01  -4.1397223424632179e-01  -9.0360519613139301e-01   1.8596527894052733e-01   1.3062170159323641e-01  -3.4430742173517848e+00  -1.2811188799420330e+00
   1.9326149749105390e-01   2.5095543642688503e+00   1.7378324639258416e-01   8.7810095188877640e-02  -2.3073662374430217e+00   9.5089260117912511e-01  -2.5016603260503401e-01   7.2381760403637319e-01   1.2511108413745975e+00   3.4293039271662246e-02  -1.7574315988961737e+00   6.8490898679043244e-01   7.0037843993964566e-02   2.5064886362198755e+00   1.2037422520055401e-01   2.7840724493917474e-01  -4.8375859538572668e+00  -7.1165647974749879e-01
  -1.0072468871960887e-02  -8.3470235283099020e-02  -1.8556731715634175e-01   8.1087988908955140e-03   1.1700362638571544e+00   9.1412049994996691e-02  -5.8021171394010036e-02   8.7448812928545105e-01   3.2813546378479819e-01  -6.2935427299759136e-02   3.2449338235884467e-01   3.9351094338323495e-01   4.9127339148068820e-02   1.2040607397951721e+00   1.0330042276792513e-01   2.0501038413054451e-01  -3.5468876632640831e+00  -1.3035002560572508e+00
  -2.2158967044650833e-02   8.3779879033745464e-01   4.8830966709987872e-01  -2.4212084654416165e-02   6.3042732829438197e-01  -5.5533911782123510e-02   4.0724682077407058e-02   2.9154295125544710e-01   5.3661163785425781e-01  -1.5902427174816311e-01  -4.3375568212196303e-01   1.5523248874789199e-02  -6.7040348573352851e-02   6.9263739094967233e-02   1.0958402928857855e-01   1.7770808093148313e-01  -3.0061157922852915e+00  -8.4767509574263800e-01
   4.7472180857102232e-02  -2.4465706218456735e+00   4.9375113924746444e-01   9.9066968763169727e-02   7.2165689010501743e-01   2.6810653841301074e-01  -6.9245998572883445e-03   2.2532179753590680e+00   4.4958785938597381e-02  -1.6874796579046250e-01   5.1824563770736187e-01   6.0804579560045247e-01   1.4472154856630173e-01  -2.2222726204392989e+00   7.6355172231018220e-01   3.7996553080861351e-01  -4.3506575802321148e+00  -6.2562116854864014e-01
  -2.6014321049676721e-02  -8.7594509955276212e-01  -7.8303475115805210e-01   1.7113585828851763e-01  -8.5255611426186839e-01  -8.7695765514830759e-01  -1.5269217739841062e-01   1.3848008878545783e+00   1.0303367382023387e+00   1.6128421198312201e-01   1.8540565965047937e+00  -8.0101959363480801e-01  -1.4090432515930348e-01   3.3855537726352430e-01   6.2019191824811915e-01   2.0925523069586144e-01  -4.2636933801490651e+00  -1.1410122379805923e+00
   2.9170758267634256e-01   7.8397562619535710e-01   3.9342460224915238e-01   7.1700094963392844e-02   1.5831927517041045e+00   3.1870400006702236e-02  -8.8172286688935814e-02  -1.1855976532501238e+00   3.0570018118765652e-01  -4.8916357578389316e-02   2.7323371127379570e+00   2.5984008401147757e-01  -3.2050937646654593e-01  -2.0423280144149878e+00   8.7655570995593646e-01   1.4617078756709315e-01  -3.4535845304077792e+00  -1.1752741894508389e+00
  -8.2738813791189150e-02   1.7657366827497885e+00   2.3438477212507702e-01   1.0335561610899570e-01   7.2279624210086574e-02   4.3696521388902720e-01   2.3981160011993380e-01  -1.4881014368582617e+00  -1.0095662649901735e-01  -3.2574557932021880e-02   2.5274099612600697e-02   1.9259061881672540e-01   1.6390490249285616e-01   2.4403884466077024e+00   4.2447809955250979e-02   2.7276614084162976e-01  -3.6616587265207965e+00  -8.8572262895390175e-01
  -2.9693163648284868e-02  -1.8651949692754017e+00  -4.8271974040762677e-01   1.2999243640537209e-01  -1.6118197642271184e+00   3.6755140800606223e-01  -6.3116848845175336e-02   4.9624798102331757e-01   7.7071398866327390e-01   1.7464844390281026e-02  -1.2222925196740382e+00  -2.5383380209455420e-01  -1.3072919271217490e-01  -3.9473736743488175e-01  -1.2467773874707704e-01   2.5888268929887820e-01  -3.4528432739827633e+00  -9.3085130634837876e-01
  -1.6921024719324626e-01  -1.7568889673436747e+00   3.5060234567235921e-01  -6.5100810149338967e-02  -1.2728254276468636e+00   5.4843464466101211e-01   1.0580213669016177e-02  -9.9412852636063553e-01  -9.2707648113051377e-01  -1.4946635306404393e-01   9.5107399783845215e-01  -7.8909372704907543e-01   2.8509499369164033e-02  -1.2635745422484024e+00   1.9932231643116505e-01   2.3678320447840551e-01  -3.5815089141829062e+00  -6.1908033217122760e-01
  -1.3708325508060742e-01   5.4621992290803789e-01   7.1833632828259641e-01  -4.5464439995166264e-02   1.7758055475609773e+00  -3.9304524184498230e-01  -9.9224909623531088e-02  -1.0488380722096833e+00  -3.3959332509039625e-01  -1.9433439359856722e-01  -1.1238305681533779e-01   4.6346087469519480e-02  -4.6621366625479194e-02   1.8987563713659061e-01   5.0075007350420864e-01   1.8388745791878483e-01  -4.0993562429475796e+00  -7.4500249740364666e-01
  -2.8075631495194076e-01   6.7535610562218795e-01   8.7569620789315838e-01   3.1126925426149286e-02  -9.3379311034905293e-02  -3.5218055944031829e-01  -2.8964927902851845e-01  -8.0751040189219336e-01  -1.0934208927448788e-01  -7.9962204676836068e-02  -1.2509247974199753e+00   3.8611566718253593e-01  -1.1973607318433216e-02   2.9058196727499106e+00  -8.6921228555907948e-02   1.3963091023018659e-01  -3.8213986190652132e+00  -1.1741043489908871e+00
   3.3044452833918568e-02  -8.4552679372410045e-01  -1.2059362137846222e-01   4.1133031861489448e-03   7.4495966041550743e-01   1.7551077000954055e-01   1.3590426131742281e-01   1.6339133657864602e+00  -4.8938624618044414e-02  -1.1384905344199760e-01  -9.1357496206915723e-01  -2.3795447613642895e-01   1.0422756367083696e-01  -2.4782469482131879e+00  -5.4553607654403335e-01   4.3320931182385131e-01  -3.0588681718289545e+00  -7.9889428248023631e-01
  -1.8039612341103609e-01   2.4595884111558162e+00  -3.2928615233486086e-01   2.9831316486431326e-02   1.6663019320446875e+00  -5.6604561952800954e-02  -1.8525928827502167e-01  -1.1822251765163152e+00   4.1238602555678294e-02   1.6740859351138385e-01  -4.9695908273836464e-01  -1.1008056536468345e+00  -1.9027753945743246e-02   1.2951786443231419e+00   3.9153662232096806e-02   2.9897488306719067e-01  -3.1374031338131183e+00  -9.1954246226235437e-01
   1.4770641616271429e-01   3.4473781185002461e-01  -3.5586659267402637e-01  -1.0551838002940245e-01   4.9091251696209010e-02   1.2631529908875222e-01   1.8482309726341911e-01   1.0429514658447281e+00   7.5972244502242020e-02  -1.8996697094347834e-01  -3.8004139800026532e-01   4.6286229423603314e-01   1.1858825210202961e-01   4.0739252725831490e+00  -9.1164861807985775e-02   2.5981482123359623e-01  -3.5711754834036866e+00  -1.1112807134885434e+00
  -2.4263812232264353e-02  -2.4514143320960746e-02  -5.5400527557007438e-02  -9.7043443154935821e-02   1.5057578718631754e+00   8.3103977521328115e-02   2.6349291691932075e-01   1.7768632517529368e+00  -8.4261949918654333e-01   4.4615338028976367e-02  -6.0225991659830314e-01   3.6832028850965720e-01   2.0758118041480819e-01  -1.4331246328924769e+00  -9.5822582336533546e-01   2.3973620980111762e-01  -4.0250411262975216e+00  -4.4155298689407463e-01
   9.0197088611603249e-03  -4.9237577881542544e-01  -2.7572149404173907e-01   2.8848495226302888e-02  -5.5916454802442928e-01  -2.5207788453312335e-01   1.1489725532425072e-02  -9.3982708218311239e-01  -9.5009699552902754e-02   8.4687891632186652e-02  -2.8871994771366044e-01  -3.3419990824315585e-02   1.5747380251498019e-02  -1.7532393061428673e+00  -2.3076265453288508e-01   1.5381729145347867e-01  -3.0280791573717409e+00  -1.0836002461664094e+00
  -3.3054856316558315e-02   6.0815784556750274e-01  -3.5098348922950112e-01  -1.2898663093994750e-01  -2.1317483999591116e+00  -2.8800800305947661e-02   1.4112985652927254e-01  -9.4902499692246778e-01   1.2484720831439806e-01   4.2558711535767138e-02   4.8165088712729182e-01  -3.3330840268984596e-01   1.8350417632877661e-01  -9.8445141527108260e-01  -9.2936923987952724e-01   3.6998514297139179e-01  -3.3360824155689661e+00  -9.1389614209145620e-01
  -5.6637770447187125e-02  -5.3835490613413817e-01   3.8140150801373685e-01  -1.1217186322505249e-01  -2.9161654731782732e-01  -4.0753564286077321e-01  -8.6279856031974522e-02  -8.8612314371735756e-01   2.2790320927073882e-01  -3.5698122499674093e-02   4.4003101586394422e-01   3.7479177687110310e-01  -4.0374098985755141e-02   1.8611482526677476e+00   1.8256594583863728e-01   1.9068491497627707e-01  -3.4606355362766728e+00  -9.2121640861153076e-01
   2.1768300624866871e-02  -9.3271139965240313e-01  -2.0126323232755133e-01   1.3287379331120203e-02  -1.0104196904744021e+00  -5.6788930309331231e-01   1.6707415916330744e-02   7.3304201748132736e-01  -3.3220976500344240e-01  -2.1850516555700038e-02   8.9676213461798882e-01   7.1634348708149276e-02  -5.6079994965559619e-02   4.9423433936473438e-01  -5.3250383890935094e-01   2.2857752831694350e-01  -3.1135256619275582e+00  -9.3103824599264418e-01
  -6.4674285016086255e-02   3.2336699993749607e-01  -7.6156848046384229e-02  -1.9532767878630361e-01  -5.4099834147385450e-02  -1.2367809097635989e-01   4.2017839249893607e-01   1.6515504733436166e+00   4.4093063643235780e-01   1.7360635078336958e-01  -9.6885874513013504e-01  -2.9225413975624365e-01   3.6849537941295460e-02  -5.0254592678882859e-01  -7.8363059809893165e-01   2.0072764819127414e-01  -3.4641651793463089e+00  -1.0498849849295202e+00
  -3.0302218135598850e-02  -9.2082040544059285e-01  -1.6828193323863117e-01  -8.6926780803759832e-02  -1.2900038350755629e+00  -4.0811029747657646e-01  -2.0646282586522599e-01   1.6026126318470402e+00  -3.4698109318939928e-02   1.7718632413307636e-02   1.9404934895062891e+00  -4.3406141896702516e-01   1.7077521689200702e-02   2.4544160981267296e+00   1.0322360744289631e-02   3.3306415650956678e-01  -3.7045073529403547e+00  -1.0279653754413196e+00
  -8.7650708555811169e-02   1.1845504572973298e+00   2.7530544980357247e-01   8.7770429929182506e-02   1.1120989436873747e+00  -2.8989533308580284e-01  -2.6757732519260301e-02   8.9031686899976092e-01   2.3372632686140443e-01  -1.0410079970301087e-01  -8.8594945550278614e-01   4.3079933613180849e-01  -4.8919177126510352e-02  -1.9756307033410461e+00   1.1285440289556406e-01   2.7437192273644373e-01  -2.8467652347424575e+00  -7.8214514489315723e-01
  -6.1864748061526267e-02  -8.2548853841955994e-01  -4.3169459432211277e-01   1.3239505645687660e-02   2.3157330803621003e-02  -1.4212767435025728e-01  -4.3433662119557882e-02  -7.2356526827821788e-01   5.6235670753007494e-01  -2.0581431466743516e-02   2.5899289212076222e+00   3.6103788411497301e-01  -9.2984158255757898e-02  -5.0650035646426028e-01  -1.9736829899792721e-01   1.7792098119772379e-01  -3.7625729692207130e+00  -1.2819344816701095e+00
  -1.2471215039266606e-01  -9.3232659455580058e-01   1.3719338816104668e-01  -1.8224579249234346e-01   8.4910801223791710e-01   1.1560198820838647e+00   2.8734423833557555e-02   7.1012032237375611e-01  -3.4413564077809716e-01   7.1129072540260987e-03  -3.8486786309721815e-01  -6.0035142398410998e-02   2.2066887413547148e-02   2.0345689075084121e+00  -9.1564738073772453e-02   3.2779668134949913e-01  -3.7200112274071429e+00  -1.1390319261967277e+00
   4.8261598798300019e-02  -5.6441653724493079e-01  -9.1057704912095638e-02   3.4129445966235163e-02  -2.4055698514623550e-01  -4.0712520760679792e-02   1.9797249615616540e-02  -1.2713169875496858e-01  -4.0703108270103894e-01  -8.2355480794719993e-02  -1.0894997494365117e+00   1.0416406865481886e-01  -7.2830712691478719e-03  -3.3478640033799600e-01   2.6278700520282028e-01   1.6078323878315592e-01  -3.0278945437465850e+00  -1.1876100544542203e+00
  -5.8259988480769326e-02  -3.2737384808348191e-01   1.2297178705811887e-01   7.6573703593742729e-02   2.9853714748786069e+00  -2.8653477847878994e-01  -9.4271820768062731e-02   1.1834005603220119e+00   5.1750536388650603e-01   1.7624638196038656e-01  -2.4317448666514077e-01  -4.3638880416956766e-02   9.6056252336854483e-02   6.2975615768301008e-01  -7.9776107755794590e-01   4.4447545115187953e-01  -3.4876443297726269e+00  -1.0025077740199368e+00
  -8.7962356131672512e-02   5.3055835872794077e-01   5.5876420873363877e-02  -7.4528782387103306e-03   1.7376188109298144e-01  -6.8687428650807758e-01  -7.8884307235282530e-03  -1.7565602836717329e+00  -2.2746916586928134e-01   1.1663492969553474e-01  -3.8495461061448349e-01   4.3080195906958912e-01   5.5093889351077320e-02  -6.6139243686701965e-01  -1.8978851579846762e-01   2.8377792824329834e-01  -3.5451299875740596e+00  -1.0040661064977248e+00
   7.1885188199978911e-02  -3.6928969738767226e-01   2.7761914478545913e-01  -1.8777257903654834e-02   4.0378826084999259e-01  -7.7460460675888598e-01   1.1476494007174079e-01  -7.1339023003031099e-01   1.0042073298555862e-01   9.1113730887260463e-02   3.5247600020079700e-01   1.3652584908321095e+00   7.5285939524215154e-02   6.6736975661028586e-01  -2.1898644587004298e-01   3.5239621808843963e-01  -3.7331334966772345e+00  -3.4317264689720078e-01
  -8.6215916962015970e-02  -7.3848966023536489e-01   6.6621063543400738e-01  -1.1541407971020218e-01  -2.4252687879638666e+00  -1.7561768209138537e-01  -7.9709076721847572e-02  -2.8989599471627665e+00  -1.0481938783599197e-03  -1.0511545712516246e-01  -1.0407780708852798e+00   3.3132428005486964e-01   3.1814119664989421e-01  -1.7608604730428495e-01   7.6866201327827816e-02   5.7294610659090639e-01  -3.7509264819779249e+00  -9.7336559860827110e-01
   1.0484864832257920e-01   7.1946579464837945e-01  -6.7940982160644547e-01   1.1256903324209999e-01   5.0404368147188527e-01   9.7735451976057974e-01   1.0528660018396846e-01   2.6663008493942457e+00   3.7168181079453015e-02   1.4006216667133381e-01   3.3945705829847933e-02  -1.5231980707131282e-01  -3.2615527174743569e-01   1.1652285453914013e+00   4.9682790809820732e-01   2.4143459758714972e-01  -3.8952133704181184e+00  -1.0585938399455936e+00
  -4.1512795896191390e-02   1.1807219781865474e+00   1.7130154931565841e-01   2.6630372886532361e-02  -2.7087410853087152e-01   2.7859103637593224e-01   1.1398893260067171e-01   3.5715653818004200e-01   5.3420196172258141e-02   7.6623267541065590e-02   1.7453150791212404e+00   7.4562308920883347e-01  -6.7477378087182086e-02   2.6981336655332294e-01  -2.7398383667217873e-02   1.9744219147389239e-01  -3.3813571542232363e+00  -1.0764564139293860e+00
  -3.2871793084113615e-02   8.6865823072659776e-01   2.7617581845824635e-01  -3.0600194880854414e-02   1.4531809370919851e-01  -4.5351283029852485e-01  -1.1116090645948550e-01  -3.7281857935435175e-02  -4.3970912692573355e-01  -1.0061249725342167e-01   2.2526784165022349e+00   1.0218285793868687e-01   6.5834155336252378e-02   1.5503073392361932e+00  -2.7662829773487557e-01   2.0108117714158424e-01  -3.2597307818819719e+00  -8.9162166043305080e-01
  -2.0135841665991255e-01  -1.8139350168055837e+00   6.5246771298797990e-01  -7.4938053473040139e-02  -1.3652994220165322e+00  -4.6165185757978577e-01  -2.0084116814077399e-01  -1.6940901633249503e-01   1.9613094379677731e-01  -9.4800436718576797e-02  -2.2070799499526736e+00  -2.4546187620765542e-01  -7.0330379771173915e-02   1.5335422326733243e+00   1.1506842132366245e-01   1.5534365385934160e-01  -3.4739486227748038e+00  -1.1114953098568339e+00
   1.1818981657289855e-02   3.6400903855813865e-01  -6.1104035113126853e-01  -1.4840074986301816e-02  -1.1551091356572913e+00  -8.5777961431770811e-01   1.8267038110105882e-02  -5.3501460133503254e-01   2.9396801573357063e-02   3.8813583223410225e-01   8.2011641088168608e-02   2.3453230497155184e-01   2.2264819632923119e-01   6.3081547911163272e-01   2.9400967594181024e-02  -2.5536326795720138e-01  -3.5630025232273761e+00  -7.7986774042623319e-01
  -3.0600193746489546e-01   2.6069748411032052e-02   9.1985471686296616e-01  -5.7913164073485693e-02  -2.0645765613271130e+00  -4.6926020933578910e-01  -2.3046348583417222e-02   8.4394047196019628e-01  -7.1145569732804737e-01   7.4656743033665752e-03   1.2395698759296860e-01  -5.5188058842311490e-02  -8.4510595204937339e-02  -1.1220164081481694e+00   2.0903920111986757e-01   4.1126885050356288e-01  -3.1264842184251944e+00  -8.3278979898519967e-01
   1.5162936445671177e-01  -3.1587540300893502e-01   3.5554797019090929e-02  -9.3047053166757602e-03   3.6693613400404812e-01  -3.5500317789613972e-01   1.5732908568295451e-01   4.0121801590482958e-01   7.8578779186653902e-02   3.1157871836474943e-01   4.0091370778368525e+00   1.0546270144005669e+00  -8.1275774081876875e-02   3.7892495039676499e-01  -8.2993804264534776e-01  -1.0199870215157200e-01  -3.8389716572678538e+00  -1.4399950773250305e+00
   3.8829197517732741e-02  -5.8573408148910178e-01   2.5553686973899115e-01  -5.1769080658590254e-02   6.1613413023660779e-01  -6.1751541236949570e-01  -5.5667823696792500e-03  -8.5432737789071611e-01  -6.6000833281842308e-01   2.3068915619459365e-02  -5.5140297690842588e-01  -3.3748956334225855e-01   6.7619946472720294e-02  -5.7501921091680985e-01  -4.2644754502239124e-01   2.0248998322648065e-01  -3.2022283785873698e+00  -1.0537536375157097e+00
  -2.6005850859670002e-02   7.8659045443617859e-01   1.1279849625267792e-01  -1.9883059728318688e-05   2.9747811554138615e-01  -7.6009558240983044e-02   1.3581654328217521e-01  -9.5986477837503992e-01  -4.5186627546227470e-01   1.8943868121371624e-01   1.1495337756807016e+00   7.2870229789109309e-01  -1.1941211183331812e-01  -8.8780374190973135e-02  -4.6206739015595792e-02   2.1838897671871438e-01  -3.3266243569108944e+00  -1.0833191563283149e+00
   1.8226645706158803e-01   7.0411773734640661e-03  -3.5398135349339693e-01   1.3545158490531081e-01   1.2920766257039316e+00   3.0211003243971468e-01  -5.1924477709184028e-02  -2.4806747719223519e+00   2.5680579793054470e-01  -8.7244837337323647e-02   2.8797836338187394e-01   5.4733543375437976e-01  -7.7370567218788294e-02  -2.9534525912544013e-01   3.5597206981203433e-01   2.3905280384481004e-01  -3.5985015080631935e+00  -1.0740625723359341e+00
  -6.7860868484583753e-02  -1.0746516017191663e+00  -5.7107660064778443e-01   2.1799015930556956e-01  -1.9397357207018733e+00  -1.3441793372019201e-01  -2.7676140356326432e-02   2.2647629330108326e-01   4.5971178429354354e-01  -9.8335064861131832e-02  -1.7200726997910822e+00   4.4795208209867188e-01   3.2030595176172355e-01   3.6633820145962759e-01  -4.8174657009142324e-01  -8.1720005073595628e-03  -3.8099093261589294e+00  -4.6450679198269440e-01
   1.7571603182320861e-01  -1.7720244619796482e-01   1.1858896855188200e-01  -2.8695292651685606e-01   1.5264962379104643e+00   5.3048474066088513e-01   9.6621278584266571e-02   1.7280375932229362e+00  -1.1353845615122944e-01  -1.2366997400105392e-01  -1.7953935268133765e+00  -2.4180119196387947e-01  -6.4171481256384319e-02  -9.2482546009624944e-01   5.0761998136782704e-01   1.5727998652215466e-01  -4.0828157496686668e+00  -1.0081177815813891e+00
   3.7764440484781031e-02   2.5367728244258485e+00  -3.0826246420896430e-01   4.3746727791133047e-02   1.2230189909359641e+00   3.1221967103841564e-01  -1.1397815184060919e-01   2.4047604970580285e+00   4.6817160837254346e-01   4.4158890038391707e-01   2.0647222888995942e+00  -5.7722576174070528e-01   4.3703097663481467e-02  -6.9540665428239579e-01   4.3409995283784958e-01  -5.4358860691956966e-02  -4.9836513843797752e+00  -8.6754196888986757e-01
   1.7103766308695020e-02  -1.0838957096051665e+00  -4.0239360359578014e-01  -1.5110964608636047e-02  -5.9370360901982921e-01  -5.4485603972095842e-01  -1.1959759100554860e-03   2.9730471348602133e-01  -4.2196861324273627e-01  -6.0515399084184740e-02   2.9604127959224352e-01  -3.4282727392247164e-01  -3.5955318935982687e-02  -8.9710683515750467e-01   1.4959276486666745e-01   2.1351581295055252e-01  -3.1528313009646056e+00  -1.2487884598398278e+00
   7.4877061128667682e-03  -1.4489788435205240e+00  -2.4982115065033564e-01   2.6882303371368194e-01  -1.8418286028019784e+00  -3.5396818607208785e-01   1.5511391628736934e-01   3.6333629707772430e-01  -1.8546676041940341e-01  -5.1568656484492000e-02  -2.0876403085482464e+00  -3.2544823149382718e-01  -6.8653362972455265e-02   2.9041290647536139e-01   4.6652552304236893e-02   1.4093361348996025e-01  -3.6883398332382731e+00  -9.1067697095689548e-01
  -8.9855538525393200e-02  -1.5185302145472295e+00  -7.5783804084076356e-01  -5.2334031821119543e-02  -5.4212021537032384e-01   2.4045965929008126e-01   3.1863779802219105e-02  -2.2764470070536791e+00   1.8728570153840957e-02  -2.2959385653654232e-01  -1.0298361064950798e+00   3.5204514972211359e-01  -1.3976914848099975e-01  -6.0412745450733407e-01  -1.4770328961954601e-01   3.3371751079758005e-01  -3.6713881310208607e+00  -9.7415496274862534e-01
  -6.6890063148949866e-02  -9.5737514592102979e-01  -5.1647728910241597e-01  -3.5484304885910423e-02   1.5885165649102206e+00   5.2094481714474816e-01   4.1938549673136418e-03   2.4306232584651313e-01  -1.0237775264036242e-01  -1.5553236668219877e-02   5.3716413746587865e-01   1.2195086964222224e-01   2.6085563047280902e-01   1.5978578224330482e+00  -7.9243663687783217e-01   3.1485243061942136e-01  -3.4330212775699871e+00  -9.8162976324569851e-01
   2.7957766966175412e-02  -7.9444357088692219e-01  -2.9831904069167853e-01  -1.0301987739904465e-01  -9.9190899168053489e-04  -1.7168106678443645e-01   4.9224508411267236e-02  -8.2911471293865691e-01  -3.1630766591591691e-01   1.7194004039225021e-02   1.9099143660277287e-01   8.4535748452578829e-02   1.4160763835934795e-02  -5.8435274548951610e-01  -4.2215810450857644e-01   2.2782833279412221e-01  -3.6487614600163556e+00  -1.0578429683834747e+00
   6.5818975769743202e-02  -2.9295607669017131e-02  -1.6566374601677158e-01   5.0668805635656268e-02   3.4971214702098424e-01  -2.7980099848458284e-01  -2.3548100212071040e-02   1.5093697343489637e-01  -2.8925039085618137e-01  -2.8707552439857412e-02  -4.1835787049675877e-01   6.4646175012553075e-01   6.1227142801955854e-02   1.6916436535532127e+00   8.8165288495154803e-01   1.7639196557230377e-01  -3.2593663436882396e+00  -3.1437462280028056e-01
  -2.0381639062018297e-02   2.2780353449724315e+00   8.4811474332372949e-01  -1.7299147096924991e-01  -2.9895721935081893e-01   7.3213336896524706e-01  -2.9235315820196128e-01   1.5872546315874184e-01   4.8043924935391852e-01  -8.4153848623715077e-01  -2.0578847238969661e-01   1.4091592815553891e+00   6.4519584163316001e-03   3.8125581174836829e+00  -1.0334966350797831e-01  -1.5276740421337662e-01  -4.5456055250423990e+00  -8.4150726952123223e-01
  -7.0802606756683012e-02   5.1470653748450224e-01  -1.0528113428192583e-01  -1.5966735326384535e-01   9.9222747891810992e-01   1.3736307813484333e-01   3.6799527145297328e-02   3.4676540779376990e+00  -2.2021133192018530e-01   1.1938813082605644e-02   6.1649082529552968e-01   5.0933817906185164e-01   1.3475679992704837e-01   1.2352502988039280e+00  -2.8923482014816543e-01   2.0011733212023250e-01  -3.6887929027509130e+00  -5.8652087094244709e-01
  -1.2057309637838030e-01  -2.3091299401139564e-01  -4.6853060301598493e-01   2.4722686822807047e-01  -5.5805442126673122e-01  -5.8751756861392301e-01   5.4095359666628220e-02  -2.8657227190003365e-01  -2.3928333018085379e-01  -1.3887319674935089e-01  -1.5174540120297260e+00  -3.1172198542712370e-02  -3.9149116081549189e-02  -2.3528333192331439e+00  -1.9101836893807619e-01   2.4937812594836620e-01  -4.0761378685438112e+00  -1.6158767987294642e+00
   1.0972818949176975e-03   1.2803529616427058e+00   2.4837205325562003e-01  -1.4664668187591284e-01  -2.2438266748522590e-02   2.7520893313328257e-02  -8.1598603617037496e-02   4.6820860575174855e-01  -1.3050303081156067e+00   1.5880891272614223e-01   1.9992263179715715e+00  -6.1191152085032660e-02  -1.7998619971291857e-01   1.5551165737686561e+00  -6.5801742345240322e-01   3.5466506925061692e-01  -3.3642673645786130e+00  -1.0072634705624024e+00
  -1.9552453204282668e-02  -4.6398725440963094e-03  -3.6352321045017094e-01   7.0644257194183990e-02  -9.4688639363137739e-01  -4.3321741137895858e-01  -2.3272096173442358e-01  -1.8427867583519415e+00   6.5765207573420539e-02  -1.2304135989094468e-01   7.9942728696939058e-01   3.7218035203718874e-01   4.9466943991135076e-02  -1.0019198276799703e+00   2.7607704866286786e-01   1.5881288216726652e-01  -4.0239635052799825e+00  -1.0435768234847838e+00
   8.3858588270905254e-02  -8.6444376886283858e-01  -6.3285797115623255e-01  -2.8199956760631244e-02   7.0769542019810194e-01   3.4305132833315605e-01  -1.5122286009108914e-02   5.1204480705793209e-01   1.5521740902151576e-01   1.4399100889476681e-02  -1.5232793104377196e-01   5.6040102844738238e-01  -5.9269556918181920e-02  -1.0068191096836849e+00   8.8208429459743512e-02   1.9013708681673849e-01  -3.3624684267920162e+00  -1.1474303888445145e+00
   6.5573170867322478e-02  -6.4785223070165687e-01   6.6160782618531599e-01   2.8575010949264390e-01   1.6877305371892668e+00  -5.1958756390758887e-01  -8.6771157068950538e-03  -1.5029633813319379e+00  -3.2535365324121152e-01   2.2955884183914296e-01  -9.7850361974583067e-01  -6.1149634399896446e-01  -1.4594874128469444e-02  -7.9935446163439583e-01   1.5810880557148127e-01   1.2762262464264809e-01  -3.4211384973155639e+00  -1.0227804095538331e+00
   3.0753509314472662e-02   8.7655404527266256e-01  -4.3105567269706047e-01   1.4604538633835223e-01  -1.8454075501911369e+00   2.0410723979413681e-02   1.4004507531486543e-02  -1.4944827114480244e+00  -9.3870202685239559e-02   1.0800832475821667e-01  -1.6858286035364176e+00  -5.9427492348856559e-01   8.6136491143094143e-02   1.6141453422605943e+00   5.1585513523989379e-01   2.9342039661411135e-01  -3.8762865683393595e+00  -1.2420960542955699e+00
  -2.2515010705175278e-01  -1.8554479165558554e-01   6.3184249340095894e-02   2.7245016957442331e-01  -8.9373860909137870e-01  -2.9431429403966164e-01   3.0363952448062514e-02   2.2095883491832957e-01  -7.1537249563626737e-01  -3.3377783124365491e-02  -6.8490584450167691e-01  -9.0462673480644656e-02   1.5254654640846510e-01   1.2250283128625536e+00   5.6593850368411647e-01   1.9525462932196755e-01  -3.5380419288282581e+00  -1.1914562397008763e+00
   2.0794616149051804e-02   5.2950363301058123e-01   2.9173624440312179e-01  -3.1983995726572206e-02  -3.3384717324388752e-01  -5.2823892972423436e-01  -8.2997300481622183e-02   1.5710425860579133e-01   3.1808226707652071e-01   1.8725643983029299e-03   1.7224869235535867e+00   2.0405843444960903e-01  -5.6937607777246775e-02  -2.8930913516439472e-01   4.7013690062188901e-01   1.6256050689339016e-01  -3.7907681476825439e+00  -1.0976199055853946e+00
  -4.1701100889820389e-02   1.1188184298553761e+00   4.4177282619111585e-01   1.4903143491890930e-01  -7.9826673686431437e-01  -2.7022272745258952e-01   3.2441097573076430e-03   8.4885433284134004e-01  -2.1664331264995548e-01  -1.3741792355700932e-01  -1.6004498500636849e-03   7.0656295769332900e-01  -8.7157419991363269e-02  -1.0835871209500667e-01  -2.2055642883996134e-02   4.0584365611060746e-01  -3.6218612570320738e+00  -9.6493301957191280e-01
  -7.7219613688218516e-02   1.8343862235704267e-01   1.9762835341913429e-01  -1.2088393821853251e-01  -1.5906341997230606e+00  -1.2523140385430614e-01  -2.1080689606365964e-02  -5.5127735175052073e-01  -1.0273480601520549e-01   4.6932866372323863e-02   1.6493509139067011e+00  -5.3976698672251822e-01   1.5828409906988200e-01  -9.9718393448257425e-01  -6.4302316272842064e-01   2.2875744614933341e-01  -3.2057563826364563e+00  -1.1200256218806570e+00
  -6.9684065379225613e-02   7.3334193173581441e-01  -5.2671644254192507e-01   2.7502437433105670e-01   2.1266940583359779e+00   6.3587521598665087e-01   2.5235511108149655e-02  -2.5447025908725701e-01   1.3549415369329068e-01  -1.2553845060568608e-01  -1.0441174364994321e+00  -6.1144140228548804e-01   1.5420834794065291e-02   5.9819059955684062e-01  -5.3748461252043156e-01  -1.0882342213044049e-01  -3.5196343742169183e+00  -9.8813986115668495e-01
   7.4376123350113163e-02   8.1026392498880861e-01   4.3956210106112248e-01  -1.3533503084526444e-01   4.2093342547902773e-01   4.9274707446689076e-01   3.2821087791066628e-02  -3.5299058469370637e-01   2.1360687771718767e-01  -1.5597705728871769e-01  -2.0450507329162573e+00  -2.1886747522402006e-01  -1.6796611287291985e-01  -3.4952990517524499e-02  -1.8472760016321650e-02   2.3702418037683676e-01  -3.4847817914306036e+00  -8.7210879478638847e-01
   2.2066333967770205e-01  -3.6589435016747035e-01   3.2264215177663141e-01   3.4972152223023335e-02   1.3434537646316316e+00   1.0714113408365142e+00  -2.8738113231372631e-01   1.2090185707292547e+00  -4.3302044248435999e-02   3.3868487510325902e-02   3.3717141505393577e-01   3.7409795811496616e-01  -4.1785450769001214e-01   1.1691852449541826e+00   8.7341419035788140e-02   2.5072514643684884e-01  -3.7903636181002405e+00  -1.4666132309254427e+00
  -4.3543968807535437e-02  -3.5049067434832928e+00  -1.1735824644610042e+00   9.5309816089017785e-02   6.1713809941986930e-01   2.8055921457361349e-01   9.2786789350401661e-02  -5.8699080766707559e-02  -1.1536914189966720e+00  -5.2873699560174930e-02   7.1887087436972597e-01  -1.1074791664047661e+00  -5.5756318880923597e-02  -2.5254298354314506e+00   3.4228296191321833e-01   3.2383319636003322e-01  -4.9901835438235747e+00  -8.9090477840873750e-01
   6.7410998688910956e-02   1.2567250630158404e+00   2.4815179567739964e-01   4.7341936828424268e-02  -1.0436227591081437e+00  -1.6372973234888691e-01   1.1867814487359456e-03  -1.7907515055379200e+00  -5.0259633924608013e-02   2.5520562632501620e-01   3.1462853699703675e-01  -5.5620382474013086e-01  -3.1146785870145820e-02  -1.3364683971412326e+00   1.6044752064359144e-01   2.5393053116951148e-01  -4.0028661714022480e+00  -8.9471190781665755e-01
   4.3885662038818551e-02  -2.4298995027627490e-01  -1.6750559854318456e-01  -1.0196366228425939e-01  -1.7010295645121981e-01   5.1524345671112604e-01   8.8842577114580601e-02   3.8744105570990245e-01   6.4232584098531631e-01  -1.7219197515300263e-02   1.5518256031740134e+00  -7.4294033010920899e-02   7.6236201842493689e-02   9.9347529153605463e-01  -1.6135085506981017e-02   2.7152837926705459e-01  -3.8115519327795031e+00  -8.4863077030506173e-01
   6.4561958898880750e-02   6.4642285148765785e-02  -7.7114260568968618e-01  -8.8144101026295212e-04  -4.2851516372352677e-01  -1.9418706810915171e-01  -2.3366160597513716e-02  -1.1907185170357388e+00  -2.7557479260121903e-01   1.0402016949737708e-01   4.0139739069823144e-01  -2.0685710099343880e-02   2.4299553722449997e-02   6.6881058532825211e-01   1.6278270524398480e-01   2.1925810734026641e-01  -3.4978864135339949e+00  -1.1820053189155608e+00
  -4.1863191334138398e-02  -4.8520584410867366e-02  -3.7190522195531805e-01  -3.6027224582258044e-01   3.6015288608939250e-01   4.7383931411574365e-01  -2.4316568811592490e-01   2.9355790363297113e-01   1.2198314456035690e-01  -4.9508483451303133e-02  -1.7387536964642405e+00  -3.0942408535590415e-01  -2.9464665676673100e-02  -1.1562400576398439e+00  -7.0543665857104898e-01   3.4589780048493257e-01  -3.7640465500116105e+00  -1.2749556112782578e+00
   1.0636138320399069e-01  -1.7042258768192171e+00   1.4272902241202551e-01   2.1108337121129778e-01   9.1469969655072747e-01  -7.8642929469183465e-01   3.5803197140758924e-03   1.7086347737354473e+00  -7.3149236839284149e-02   8.3227788405120254e-02  -5.5506000984149029e-01   7.1446852786481010e-02   8.3223568375396406e-02  -6.5307972775423928e-01  -1.3207005929742686e+00   1.7576781619965540e-01  -4.2678277971176266e+00  -3.4045175116287174e-01
   4.8808851760712719e-03  -2.1376020599200785e-01  -8.9259551665221232e-02   5.8228452724138020e-02   4.0208831714068122e-01   1.4637917410585749e-01   1.1499921849516635e-01   1.1227128763426324e+00   2.3782188173277330e-01  -2.0282391831752934e-02   1.0808760854918167e+00   3.4478530719084238e-01  -1.0389897199018297e-01   8.2321199029847691e-01   3.6131730832013348e-01   2.5880238889063234e-01  -3.7130361987759737e+00  -9.4357290568327445e-01
  -6.1161992050907339e-02   1.1925937825819992e+00   6.3348453855237319e-01   7.0930166997736896e-02   1.4038629319818968e-01  -2.7629617546912808e-03   1.0666482577572034e-01   1.9096466832785775e+00   3.2753356509943471e-01  -1.1556431838722568e-01   1.3050272902363855e+00   4.4053501301544956e-01  -3.0258885521141334e-02  -2.1102522134325052e-01  -1.2449959104026811e-01   2.6410711147728017e-01  -3.9068063674486244e+00  -1.1758392551389765e+00
   1.5697902294695518e-01  -1.8533181069062621e+00  -1.7892302033405119e-01   9.6271664070753812e-02   5.0588181616304084e-01  -1.2211941605574012e-01  -4.0708939375475013e-03  -9.9414179176306827e-01   6.1468799747103886e-01   9.2689505657711044e-02   3.1237800792438892e+00  -5.6190513424575223e-03   3.5973390974664211e-02   8.2193857411296856e-01  -4.6410402316158901e-02   3.0924723210585220e-01  -3.5230089116110324e+00  -8.6896299182827874e-01
